1736723187342 4.667601108551025 0
1736723188378 4.852319240570068 1
1736723189564 4.605889320373535 2
1736723190731 5.692245960235596 3
1736723191825 5.722350120544434 4
1736723192900 5.009134769439697 5
1736723193912 4.853452682495117 6
1736723195040 4.396010398864746 7
1736723196023 4.86232328414917 8
1736723197085 4.982754707336426 9
1736723198109 4.429172992706299 10
1736723199262 4.110879898071289 11
1736723200302 4.460112571716309 12
1736723201293 4.213686466217041 13
1736723202310 3.959505796432495 14
1736723203328 4.085494041442871 15
1736723204371 4.297287940979004 16
1736723205375 4.731912136077881 17
1736723206383 4.8921685218811035 18
1736723207485 4.8325090408325195 19
1736723208528 4.865671157836914 20
1736723209602 4.457891464233398 21
1736723210648 4.429172992706299 22
1736723211736 4.7672953605651855 23
1736723212764 5.0855865478515625 24
1736723213808 4.552927494049072 25
1736723214855 4.5230841636657715 26
1736723215960 4.337461948394775 27
1736723216965 4.582767486572266 28
1736723218057 4.308740615844727 29
1736723219087 4.615920543670654 30
1736723220127 4.181644439697266 31
1736723221197 4.587204933166504 32
1736723222256 4.586095333099365 33
1736723223310 4.369513034820557 34
1736723224371 4.187193393707275 35
1736723225433 4.2733588218688965 36
1736723226473 4.276691436767578 37
1736723227611 4.554044246673584 38
1736723228642 4.4623332023620605 39
1736723229635 4.05690336227417 40
1736723230670 4.273351192474365 41
1736723231810 4.114213466644287 42
1736723232839 3.905409812927246 43
1736723233875 3.8401925563812256 44
1736723234921 3.6213839054107666 45
1736723236093 3.9374563694000244 46
1736723237108 3.650129795074463 47
1736723238168 4.145153999328613 48
1736723239243 3.683262586593628 49
1736723240307 3.7760841846466064 50
1736723241400 3.9639551639556885 51
1736723242401 3.563950538635254 52
1736723243428 3.6589932441711426 53
1736723244532 3.6302731037139893 54
1736723245571 3.623609781265259 55
1736723246667 3.56506085395813 56
1736723247725 3.6877119541168213 57
1736723248815 3.620276689529419 58
1736723249843 3.873354196548462 59
1736723250850 3.4103610515594482 60
1736723251902 3.7793946266174316 61
1736723253016 3.382744312286377 62
1736723254026 3.7220773696899414 63
1736723255068 3.3727529048919678 64
1736723256140 3.441298007965088 65
1736723257155 3.288818120956421 66
1736723258205 3.6258301734924316 67
1736723259276 3.3705317974090576 68
1736723260334 3.6247196197509766 69
1736723261395 3.7518136501312256 70
1736723262467 3.5341200828552246 71
1736723263444 3.5031795501708984 72
1736723264489 3.559502363204956 73
1736723265513 3.777196168899536 74
1736723266587 3.624720573425293 75
1736723267628 3.499847173690796 76
1736723268637 3.2556560039520264 77
1736723269664 3.311983823776245 78
1736723270675 3.4379658699035645 79
1736723271750 3.4689106941223145 80
1736723272852 3.531897783279419 81
1736723273892 3.255655527114868 82
1736723275070 3.2866110801696777 83
1736723276066 3.5352327823638916 84
1736723277138 3.4025583267211914 85
1736723278203 3.22249436378479 86
1736723279377 3.533008098602295 87
1736723280442 3.4401869773864746 88
1736723281429 3.721984386444092 89
1736723282497 3.349588394165039 90
1736723283570 3.313093423843384 91
1736723284618 3.5318961143493652 92
1736723285661 3.6224985122680664 93
1736723286681 3.287707805633545 94
1736723287780 3.4689066410064697 95
1736723288753 3.3794169425964355 96
1736723289763 2.941802501678467 97
1736723290780 3.3462557792663574 98
1736723291837 3.56950044631958 99
1736723292839 3.6589925289154053 100
1736723293874 3.190448760986328 101
1736723294858 3.253434181213379 102
1736723295875 3.068854808807373 103
1736723296920 3.595998764038086 104
1736723297925 3.283263683319092 105
1736723299004 3.192664623260498 106
1736723299970 2.885479688644409 107
1736723301080 3.4357404708862305 108
1736723302150 3.3429243564605713 109
1736723303173 3.226933717727661 110
1736723304212 3.1606037616729736 111
1736723305233 3.257880687713623 112
1736723306365 3.067791223526001 113
1736723307459 3.1937735080718994 114
1736723308609 3.3771958351135254 115
1736723309613 3.3197519779205322 116
1736723310672 3.283263683319092 117
1736723311660 3.3186259269714355 118
1736723312691 3.0390727519989014 119
1736723313654 3.2854855060577393 120
1736723314678 2.8843703269958496 121
1736723315642 3.190436840057373 122
1736723316586 2.945117235183716 123
1736723317542 3.1937742233276367 124
1736723318507 3.07334566116333 125
1736723319509 2.976080894470215 126
1736723320475 2.8180439472198486 127
1736723322559 2.694284439086914 0
1736723323583 2.976074695587158 1
1736723324599 2.8843705654144287 2
1736723325610 2.883267402648926 3
1736723326584 2.9749698638916016 4
1736723327592 3.1926636695861816 5
1736723328656 3.036850690841675 6
1736723329642 2.7285568714141846 7
1736723330669 2.8875629901885986 8
1736723331652 2.7594962120056152 9
1736723332633 2.8213789463043213 10
1736723333664 2.792659282684326 11
1736723334687 2.881037712097168 12
1736723335667 3.0401835441589355 13
1736723336656 3.0047996044158936 14
1736723337740 2.568157434463501 15
1736723338719 3.102064371109009 16
1736723339703 3.2291505336761475 17
1736723340698 3.225825786590576 18
1736723341729 3.0103540420532227 19
1736723342717 3.0677809715270996 20
1736723343686 3.531897783279419 21
1736723344709 3.2556560039520264 22
1736723345706 3.3130879402160645 23
1736723346739 3.007016897201538 24
1736723347751 2.6976146697998047 25
1736723348773 2.9462525844573975 26
1736723349789 2.915355920791626 27
1736723350804 2.9141995906829834 28
1736723351822 3.0711236000061035 29
1736723352786 2.7617197036743164 30
1736723353750 3.034625768661499 31
1736723354733 2.724113941192627 32
1736723355760 2.785996198654175 33
1736723356743 2.9141836166381836 34
1736723357731 2.9439706802368164 35
1736723358726 2.4478697776794434 36
1736723359741 2.7296667098999023 37
1736723360767 2.664451837539673 38
1736723361742 2.699838399887085 39
1736723362776 2.9473602771759033 40
1736723363731 2.8867533206939697 41
1736723364748 2.7606089115142822 42
1736723365746 3.2534241676330566 43
1736723366723 3.0689001083374023 44
1736723367773 3.348475456237793 45
1736723368742 3.870025157928467 46
1736723369777 3.777200698852539 47
1736723370753 3.8468568325042725 48
1736723371795 3.903184413909912 49
1736723372794 4.46344518661499 50
1736723373783 4.094381809234619 51
1736723374803 4.178316593170166 52
1736723375798 4.492020130157471 53
1736723376790 4.618145942687988 54
1736723377768 4.617039680480957 55
1736723378790 4.273359298706055 56
1736723379765 4.551822662353516 57
1736723380737 4.587207794189453 58
1736723381741 3.968397617340088 59
1736723382732 4.337462902069092 60
1736723383762 4.305334568023682 61
1736723384737 4.214810848236084 62
1736723385674 3.9054057598114014 63
1736723386658 3.9054057598114014 64
1736723387639 3.8446359634399414 65
1736723388669 4.243529796600342 66
1736723389712 3.9065165519714355 67
1736723390693 4.083334445953369 68
1736723391685 4.055665969848633 69
1736723392785 4.119619369506836 70
1736723393795 4.28002405166626 71
1736723394822 4.709857940673828 72
1736723395778 4.70763635635376 73
1736723396754 4.557376861572266 74
1736723397786 4.4003987312316895 75
1736723398780 4.648818492889404 76
1736723399802 4.649112701416016 77
1736723400742 4.368382453918457 78
1736723401788 4.397120475769043 79
1736723402768 4.062331199645996 80
1736723403782 3.9960031509399414 81
1736723404790 4.3076324462890625 82
1736723405797 4.093266010284424 83
1736723406908 4.402675628662109 84
1736723407904 4.025835990905762 85
1736723408909 4.308743476867676 86
1736723409888 4.649245738983154 87
1736723410905 4.584986209869385 88
1736723411980 4.247972011566162 89
1736723412957 4.588317394256592 90
1736723413922 4.303188800811768 91
1736723414892 4.703172206878662 92
1736723415885 4.428054332733154 93
1736723416924 4.434724807739258 94
1736723417900 4.5584917068481445 95
1736723418855 4.771737575531006 96
1736723419802 4.12087869644165 97
1736723420809 4.275577545166016 98
1736723421834 4.367291450500488 99
1736723422856 4.495497226715088 100
1736723423822 4.496607303619385 101
1736723424822 4.651309013366699 102
1736723425839 4.402675628662109 103
1736723426834 4.804895877838135 104
1736723427839 4.651551246643066 105
1736723428804 4.619253635406494 106
1736723429863 5.021485328674316 107
1736723430861 5.266787052154541 108
1736723431824 4.862339496612549 109
1736723432834 5.299827575683594 110
1736723433786 5.298841953277588 111
1736723434750 5.175076007843018 112
1736723435894 5.333111763000488 113
1736723436850 5.325335502624512 114
1736723437835 5.175076484680176 115
1736723438806 5.011488437652588 116
1736723439777 5.050204277038574 117
1736723440814 4.896612167358398 118
1736723441819 5.206017017364502 119
1736723442783 5.3231120109558105 120
1736723443735 4.988323211669922 121
1736723444709 4.802677154541016 122
1736723445678 5.454651355743408 123
1736723446625 5.082254886627197 124
1736723447566 4.832510471343994 125
1736723448524 4.643534183502197 126
1736723449588 4.955153465270996 127
