1736723187342 7.115545272827148 0
1736723188378 6.9345173835754395 1
1736723189564 7.306368350982666 2
1736723190731 6.730851650238037 3
1736723191825 6.841945648193359 4
1736723192900 7.275595664978027 5
1736723193912 7.339733600616455 6
1736723195040 7.740379810333252 7
1736723196023 7.371838569641113 8
1736723197085 7.3878173828125 9
1736723198109 7.5961384773254395 10
1736723199262 7.692304611206055 11
1736723200302 7.54807710647583 12
1736723201293 7.756403923034668 13
1736723202310 7.884617805480957 14
1736723203328 7.820512294769287 15
1736723204371 7.742781639099121 16
1736723205375 7.467948913574219 17
1736723206383 7.532172679901123 18
1736723207485 7.532199382781982 19
1736723208528 7.676281929016113 20
1736723209602 7.804487228393555 21
1736723210648 7.7564167976379395 22
1736723211736 7.483975410461426 23
1736723212764 7.580128192901611 24
1736723213808 7.5640950202941895 25
1736723214855 7.756410121917725 26
1736723215960 7.852564334869385 27
1736723216965 7.5 28
1736723218057 7.708333492279053 29
1736723219087 7.740383148193359 30
1736723220127 7.916661262512207 31
1736723221197 7.820512294769287 32
1736723222256 7.580112457275391 33
1736723223310 7.628205299377441 34
1736723224371 8.06090259552002 35
1736723225433 7.692328929901123 36
1736723226473 7.932692527770996 37
1736723227611 7.644230842590332 38
1736723228642 7.804487228393555 39
1736723229635 7.836661338806152 40
1736723230670 7.820508003234863 41
1736723231810 7.772048473358154 42
1736723232839 8.0929536819458 43
1736723233875 7.980769157409668 44
1736723234921 8.124998092651367 45
1736723236093 8.189103126525879 46
1736723237108 8.044897079467773 47
1736723238168 7.852576732635498 48
1736723239243 8.12499713897705 49
1736723240307 7.9166669845581055 50
1736723241400 7.88461446762085 51
1736723242401 8.22115421295166 52
1736723243428 8.14102554321289 53
1736723244532 8.189103126525879 54
1736723245571 8.157052040100098 55
1736723246667 8.23717975616455 56
1736723247725 8.22115421295166 57
1736723248815 8.044878005981445 58
1736723249843 8.157051086425781 59
1736723250850 8.31731128692627 60
1736723251902 7.96471643447876 61
1736723253016 8.47756290435791 62
1736723254026 8.156960487365723 63
1736723255068 8.141026496887207 64
1736723256140 8.23717975616455 65
1736723257155 8.253205299377441 66
1736723258205 8.221159934997559 67
1736723259276 8.14102554321289 68
1736723260334 8.141026496887207 69
1736723261395 8.060896873474121 70
1736723262467 8.22115421295166 71
1736723263444 8.301280975341797 72
1736723264489 8.22115421295166 73
1736723265513 7.996799468994141 74
1736723266587 8.108996391296387 75
1736723267628 8.157051086425781 76
1736723268637 8.301281929016113 77
1736723269664 8.381396293640137 78
1736723270675 8.317307472229004 79
1736723271750 8.205131530761719 80
1736723272852 8.157052040100098 81
1736723273892 8.39743423461914 82
1736723275070 8.381391525268555 83
1736723276066 8.237177848815918 84
1736723277138 8.205134391784668 85
1736723278203 8.413461685180664 86
1736723279377 8.237395286560059 87
1736723280442 8.349359512329102 88
1736723281429 8.157051086425781 89
1736723282497 8.493589401245117 90
1736723283570 8.23717975616455 91
1736723284618 8.317307472229004 92
1736723285661 8.173076629638672 93
1736723286681 8.36539363861084 94
1736723287780 8.173076629638672 95
1736723288753 8.301281929016113 96
1736723289763 8.46154499053955 97
1736723290780 8.381410598754883 98
1736723291837 8.269231796264648 99
1736723292839 8.23717975616455 100
1736723293874 8.445481300354004 101
1736723294858 8.429486274719238 102
1736723295875 8.509638786315918 103
1736723296920 8.317309379577637 104
1736723297925 8.365362167358398 105
1736723299004 8.31730842590332 106
1736723299970 8.509612083435059 107
1736723301080 8.285250663757324 108
1736723302150 8.333333015441895 109
1736723303173 8.477563858032227 110
1736723304212 8.50961971282959 111
1736723305233 8.397439002990723 112
1736723306365 8.39743423461914 113
1736723307459 8.461633682250977 114
1736723308609 8.301283836364746 115
1736723309613 8.461538314819336 116
1736723310672 8.525641441345215 117
1736723311660 8.381399154663086 118
1736723312691 8.509615898132324 119
1736723313654 8.301281929016113 120
1736723314678 8.621794700622559 121
1736723315642 8.509615898132324 122
1736723316586 8.573718070983887 123
1736723317542 8.461538314819336 124
1736723318507 8.47756290435791 125
1736723319509 8.429485321044922 126
1736723320475 8.557696342468262 127
1736723322559 8.589743614196777 0
1736723323583 8.525640487670898 1
1736723324599 8.621794700622559 2
1736723325610 8.669904708862305 3
1736723326584 8.63782024383545 4
1736723327592 8.573718070983887 5
1736723328656 8.445514678955078 6
1736723329642 8.685897827148438 7
1736723330669 8.605624198913574 8
1736723331652 8.701924324035645 9
1736723332633 8.701923370361328 10
1736723333664 8.717947959899902 11
1736723334687 8.541666984558105 12
1736723335667 8.525641441345215 13
1736723336656 8.477563858032227 14
1736723337740 8.717875480651855 15
1736723338719 8.525641441345215 16
1736723339703 8.60577392578125 17
1736723340698 8.429487228393555 18
1736723341729 8.685897827148438 19
1736723342717 8.461532592773438 20
1736723343686 8.31730842590332 21
1736723344709 8.493589401245117 22
1736723345706 8.429481506347656 23
1736723346739 8.541666984558105 24
1736723347751 8.6057710647583 25
1736723348773 8.589742660522461 26
1736723349789 8.541712760925293 27
1736723350804 8.557692527770996 28
1736723351822 8.445514678955078 29
1736723352786 8.605768203735352 30
1736723353750 8.573720932006836 31
1736723354733 8.653846740722656 32
1736723355760 8.557689666748047 33
1736723356743 8.557682991027832 34
1736723357731 8.58977222442627 35
1736723358726 8.862177848815918 36
1736723359741 8.669872283935547 37
1736723360767 8.589740753173828 38
1736723361742 8.541666984558105 39
1736723362776 8.669870376586914 40
1736723363731 8.525428771972656 41
1736723364748 8.750001907348633 42
1736723365746 8.333330154418945 43
1736723366723 8.57371711730957 44
1736723367773 8.413459777832031 45
1736723368742 7.948723316192627 46
1736723369777 8.02884578704834 47
1736723370753 8.237174987792969 48
1736723371795 7.964743614196777 49
1736723372794 7.724359035491943 50
1736723373783 8.076922416687012 51
1736723374803 7.74038553237915 52
1736723375798 7.836480617523193 53
1736723376790 7.676280498504639 54
1736723377768 7.692310333251953 55
1736723378790 7.852564334869385 56
1736723379765 7.676281929016113 57
1736723380737 7.724360466003418 58
1736723381741 8.044872283935547 59
1736723382732 7.916663646697998 60
1736723383762 7.948754787445068 61
1736723384737 7.932697296142578 62
1736723385674 7.996767044067383 63
1736723386658 8.060897827148438 64
1736723387639 8.012822151184082 65
1736723388669 7.820515155792236 66
1736723389712 7.91666841506958 67
1736723390693 7.788140773773193 68
1736723391685 7.948716640472412 69
1736723392785 7.852630615234375 70
1736723393795 7.9166669845581055 71
1736723394822 7.676281929016113 72
1736723395778 7.676281929016113 73
1736723396754 7.756411075592041 74
1736723397786 7.804513931274414 75
1736723398780 7.724493503570557 76
1736723399802 7.532036304473877 77
1736723400742 7.932692527770996 78
1736723401788 7.756411075592041 79
1736723402768 8.141024589538574 80
1736723403782 7.98076868057251 81
1736723404790 7.852564334869385 82
1736723405797 7.996797561645508 83
1736723406908 7.900639533996582 84
1736723407904 7.948718070983887 85
1736723408909 7.900640964508057 86
1736723409888 7.756259918212891 87
1736723410905 7.820512771606445 88
1736723411980 7.916658878326416 89
1736723412957 7.740384578704834 90
1736723413922 7.820512771606445 91
1736723414892 7.644240856170654 92
1736723415885 7.740384578704834 93
1736723416924 7.804486274719238 94
1736723417900 7.868586540222168 95
1736723418855 7.708334445953369 96
1736723419802 7.996795177459717 97
1736723420809 7.852565765380859 98
1736723421834 7.852563381195068 99
1736723422856 7.788461685180664 100
1736723423822 7.804487228393555 101
1736723424822 7.820512771606445 102
1736723425839 7.964743614196777 103
1736723426834 7.692310810089111 104
1736723427839 7.884387969970703 105
1736723428804 7.756406307220459 106
1736723429863 7.516025543212891 107
1736723430861 7.387820720672607 108
1736723431824 7.435429573059082 109
1736723432834 7.435950756072998 110
1736723433786 7.419869422912598 111
1736723434750 7.419872760772705 112
1736723435894 7.516025543212891 113
1736723436850 7.243589878082275 114
1736723437835 7.451922416687012 115
1736723438806 7.371795177459717 116
1736723439777 7.403846263885498 117
1736723440814 7.628205299377441 118
1736723441819 7.275640964508057 119
1736723442783 7.307694911956787 120
1736723443735 7.5 121
1736723444709 7.564105987548828 122
1736723445678 7.355766296386719 123
1736723446625 7.307692527770996 124
1736723447566 7.532050609588623 125
1736723448524 7.67628288269043 126
1736723449588 7.612179756164551 127
