1736723052606 4.576355934143066 0
1736723053186 3.696385622024536 1
1736723053767 2.6100544929504395 2
1736723054321 4.754861354827881 3
1736723054877 4.690678119659424 4
1736723055438 4.26641845703125 5
1736723055986 3.5630874633789062 6
1736723056543 2.4721457958221436 7
1736723057127 2.602571725845337 8
1736723057691 2.1738507747650146 9
1736723058823 1.950966238975525 0
1736723059414 2.2976200580596924 1
1736723059980 2.2290666103363037 2
1736723060535 3.22358775138855 3
1736723061114 3.152837038040161 4
1736723061683 2.9716198444366455 5
1736723062255 3.0357182025909424 6
1736723062800 3.53967022895813 7
1736723063354 3.1617238521575928 8
1736723063922 3.161724328994751 9
1736723065063 3.1639459133148193 0
1736723065658 3.0312955379486084 1
1736723066220 3.471130609512329 2
1736723066775 2.416931390762329 3
1736723067328 3.3473665714263916 4
1736723068022 3.411468029022217 5
1736723068585 3.102064371109009 6
1736723069163 3.4136905670166016 7
1736723069737 3.349609613418579 8
1736723070297 3.276599407196045 9
1736723071470 3.1020424365997314 0
1736723072078 3.281039237976074 1
1736723072636 2.97344708442688 2
1736723073197 3.042405843734741 3
1736723073749 3.1572818756103516 4
1736723074302 2.854541778564453 5
1736723074863 3.5904109477996826 6
1736723075431 2.911978244781494 7
1736723075984 3.0401854515075684 8
1736723076547 3.2213833332061768 9
1736723077685 2.7793309688568115 0
1736723078282 2.9074714183807373 1
1736723078882 3.1554903984069824 2
1736723079434 2.9738595485687256 3
1736723079994 2.9783027172088623 4
1736723080552 2.971640110015869 5
1736723081119 3.1595029830932617 6
1736723081687 2.724114179611206 7
1736723082242 2.8500967025756836 8
1736723082827 2.4080448150634766 9
1736723083965 2.9119796752929688 0
1736723084570 2.724113941192627 1
1736723085135 2.664454936981201 2
1736723085698 2.410266160964966 3
1736723086287 3.1617231369018555 4
1736723086849 3.1020781993865967 5
1736723087417 2.9065067768096924 6
1736723087971 2.7263357639312744 7
1736723088526 2.958308458328247 8
1736723089123 2.9206669330596924 9
1736723090334 3.4070255756378174 0
1736723090948 3.3495876789093018 1
1736723091511 3.0335185527801514 2
1736723092065 3.031297445297241 3
1736723092623 3.219158172607422 4
1736723093182 2.9738597869873047 5
1736723093769 2.9119789600372314 6
1736723094331 2.909754753112793 7
1736723094886 3.9042954444885254 8
1736723095443 3.840188980102539 9
1736723096505 3.528566598892212 0
1736723097101 3.225804090499878 1
1736723097728 3.402583122253418 2
1736723098288 3.6545491218566895 3
1736723098857 3.71848726272583 4
1736723099405 3.166167974472046 5
1736723099955 3.159501314163208 6
1736723100523 3.0931782722473145 7
1736723101084 3.2788212299346924 8
1736723101625 3.2147185802459717 9
1736723102798 3.093172073364258 0
1736723103387 3.037872076034546 1
1736723103979 2.790438652038574 2
1736723104536 3.2766010761260986 3
1736723105137 3.2788197994232178 4
1736723105693 3.0887351036071777 5
1736723106250 3.221384048461914 6
1736723106858 2.916421890258789 7
1736723107491 3.3429224491119385 8
1736723108096 2.8523194789886475 9
1736723109351 3.4681527614593506 0
1736723109981 3.4689064025878906 1
1736723110596 3.4642410278320312 2
1736723111179 3.2854843139648438 3
1736723111732 3.528564691543579 4
1736723112288 3.16172194480896 5
1736723112899 2.8589842319488525 6
1736723113489 3.0290637016296387 7
1736723114080 3.475572109222412 8
1736723114657 3.1639413833618164 9
1736723115798 2.7218921184539795 0
1736723116382 2.660010814666748 1
1736723117100 3.1639456748962402 2
1736723117658 2.5473580360412598 3
1736723118212 2.6622331142425537 4
1736723118761 2.4788126945495605 5
1736723119315 2.7241146564483643 6
1736723119873 2.540689468383789 7
1736723120436 3.225714683532715 8
1736723120999 2.6070175170898438 9
1736723122174 2.969413995742798 0
1736723122747 2.4102659225463867 1
1736723123302 2.8523197174072266 2
1736723123885 2.547358274459839 3
1736723124459 2.7330000400543213 4
1736723125063 3.287707805633545 5
1736723125619 2.5451362133026123 6
1736723126171 3.0401835441589355 7
1736723126729 2.785996198654175 8
1736723127279 2.6622328758239746 9
1736723128471 3.035740613937378 0
1736723129099 2.730778932571411 1
1736723129657 2.730778694152832 2
1736723130212 2.591465950012207 3
1736723130763 2.9208645820617676 4
1736723131320 2.6070175170898438 5
1736723131875 3.0446267127990723 6
1736723132459 2.7263340950012207 7
1736723133024 2.9756975173950195 8
1736723133576 2.8478753566741943 9
1736723134687 2.295391798019409 0
1736723135287 2.487699270248413 1
1736723135839 2.9119760990142822 2
1736723136393 2.478811264038086 3
1736723136949 2.6070215702056885 4
1736723137512 2.7859954833984375 5
1736723138065 2.5451366901397705 6
1736723138614 2.8589842319488525 7
1736723139287 2.3594937324523926 8
1736723139848 2.730778694152832 9
1736723140994 2.7904374599456787 0
1736723141591 2.604793071746826 1
1736723142151 2.6644551753997803 2
1736723142719 2.6688990592956543 3
1736723143283 2.978302001953125 4
