1736723052606 7.371283054351807 0
1736723053186 7.628210544586182 1
1736723053767 8.483152389526367 2
1736723054321 7.435740947723389 3
1736723054877 7.179410457611084 4
1736723055438 7.724493026733398 5
1736723055986 8.191452980041504 6
1736723056543 8.718047142028809 7
1736723057127 8.75 8
1736723057691 8.717950820922852 9
1736723058823 8.923299789428711 0
1736723059414 8.589747428894043 1
1736723059980 8.910255432128906 2
1736723060535 8.141120910644531 3
1736723061114 8.173073768615723 4
1736723061683 8.461530685424805 5
1736723062255 8.397424697875977 6
1736723062800 8.012836456298828 7
1736723063354 8.301281929016113 8
1736723063922 8.557692527770996 9
1736723065063 8.461538314819336 0
1736723065658 8.333333969116211 1
1736723066220 8.205126762390137 2
1736723066775 8.717948913574219 3
1736723067328 8.333333015441895 4
1736723068022 8.269231796264648 5
1736723068585 8.301281929016113 6
1736723069163 8.301283836364746 7
1736723069737 8.301250457763672 8
1736723070297 8.362785339355469 9
1736723071470 8.557695388793945 0
1736723072078 8.429487228393555 1
1736723072636 8.685454368591309 2
1736723073197 8.557692527770996 3
1736723073749 8.044873237609863 4
1736723074302 8.557692527770996 5
1736723074863 8.269180297851562 6
1736723075431 8.717948913574219 7
1736723075984 8.39743709564209 8
1736723076547 8.23717975616455 9
1736723077685 8.076923370361328 0
1736723078282 8.589675903320312 1
1736723078882 8.205534934997559 2
1736723079434 8.493589401245117 3
1736723079994 8.55771255493164 4
1736723080552 8.205126762390137 5
1736723081119 8.525641441345215 6
1736723081687 8.717948913574219 7
1736723082242 8.493589401245117 8
1736723082827 8.525195121765137 9
1736723083965 8.46153736114502 0
1736723084570 8.461538314819336 1
1736723085135 8.653844833374023 2
1736723085698 8.685898780822754 3
1736723086287 8.301283836364746 4
1736723086849 8.429476737976074 5
1736723087417 8.300251007080078 6
1736723087971 8.557703018188477 7
1736723088526 8.205129623413086 8
1736723089123 8.84625244140625 9
1736723090334 8.076922416687012 0
1736723090948 8.23717975616455 1
1736723091511 8.557693481445312 2
1736723092065 8.333333015441895 3
1736723092623 8.14102554321289 4
1736723093182 8.365384101867676 5
1736723093769 8.525641441345215 6
1736723094331 8.301280975341797 7
1736723094886 7.980769157409668 8
1736723095443 7.980767726898193 9
1736723096505 8.23717975616455 0
1736723097101 8.301270484924316 1
1736723097728 8.269230842590332 2
1736723098288 8.2692289352417 3
1736723098857 7.948714256286621 4
1736723099405 8.557692527770996 5
1736723099955 8.333333015441895 6
1736723100523 8.23717975616455 7
1736723101084 8.46153736114502 8
1736723101625 8.269230842590332 9
1736723102798 8.237176895141602 0
1736723103387 8.429402351379395 1
1736723103979 8.493589401245117 2
1736723104536 8.173075675964355 3
1736723105137 8.141027450561523 4
1736723105693 8.36539363861084 5
1736723106250 8.17307186126709 6
1736723106858 8.589743614196777 7
1736723107491 8.14102554321289 8
1736723108096 8.653846740722656 9
1736723109351 8.365385055541992 0
1736723109981 8.23717975616455 1
1736723110596 8.109081268310547 2
1736723111179 8.237180709838867 3
1736723111732 8.044872283935547 4
1736723112288 8.237178802490234 5
1736723112899 8.685897827148438 6
1736723113489 8.429475784301758 7
1736723114080 8.333333969116211 8
1736723114657 8.333334922790527 9
1736723115798 8.557692527770996 0
1736723116382 8.589743614196777 1
1736723117100 8.589743614196777 2
1736723117658 8.685897827148438 3
1736723118212 8.55770206451416 4
1736723118761 8.621794700622559 5
1736723119315 8.397436141967773 6
1736723119873 8.717945098876953 7
1736723120436 8.557636260986328 8
1736723120999 8.878205299377441 9
1736723122174 8.173075675964355 0
1736723122747 8.685897827148438 1
1736723123302 8.397436141967773 2
1736723123885 8.750009536743164 3
1736723124459 8.717948913574219 4
1736723125063 8.269969940185547 5
1736723125619 8.717937469482422 6
1736723126171 8.397436141967773 7
1736723126729 8.557694435119629 8
1736723127279 8.429452896118164 9
1736723128471 8.333333015441895 0
1736723129099 8.620862007141113 1
1736723129657 8.621794700622559 2
1736723130212 8.397436141967773 3
1736723130763 8.589743614196777 4
1736723131320 8.685891151428223 5
1736723131875 8.653846740722656 6
1736723132459 8.493589401245117 7
1736723133024 8.495095252990723 8
1736723133576 8.461538314819336 9
1736723134687 8.750001907348633 0
1736723135287 8.75 1
1736723135839 8.076920509338379 2
1736723136393 8.685898780822754 3
1736723136949 8.621798515319824 4
1736723137512 8.621794700622559 5
1736723138065 8.84615421295166 6
1736723138614 8.621795654296875 7
1736723139287 8.942301750183105 8
1736723139848 8.557692527770996 9
1736723140994 8.749999046325684 0
1736723141591 8.910256385803223 1
1736723142151 8.589743614196777 2
1736723142719 8.589744567871094 3
1736723143283 8.685897827148438 4
