1736723493739 4.486734390258789 0
1736723497523 3.8056066036224365 1
1736723501384 3.5934460163116455 2
1736723505119 2.856952428817749 3
1736723508897 2.6957664489746094 4
1736723512801 3.4837560653686523 5
1736723516527 3.848466634750366 6
1736723520271 3.202425003051758 7
1736723524075 3.310307741165161 8
1736723527883 3.281566858291626 9
1736723531636 3.251436948776245 10
1736723535320 3.500389575958252 11
1736723538955 3.4153122901916504 12
1736723542847 3.266951084136963 13
1736723546654 3.197958469390869 14
1736723550412 3.339599847793579 15
1736723554155 3.527177333831787 16
1736723557983 3.462562084197998 17
1736723561770 3.626208782196045 18
1736723565636 3.7112033367156982 19
1736723569463 3.6189215183258057 20
1736723573199 3.5327844619750977 21
1736723576930 3.501474142074585 22
1736723580708 3.2459564208984375 23
1736723584355 3.1053569316864014 24
1736723587971 3.090996265411377 25
1736723591677 2.834628105163574 26
1736723595365 2.742335557937622 27
1736723598944 2.806457996368408 28
1736723602545 2.8691775798797607 29
1736723606200 2.814279794692993 30
1736723610076 2.78131365776062 31
1736723615221 2.795227527618408 0
1736723619034 2.6956727504730225 1
1736723622712 2.851759195327759 2
1736723626453 2.831331491470337 3
1736723630297 2.8058905601501465 4
1736723634064 2.8694403171539307 5
1736723637844 2.913921594619751 6
1736723641586 3.0039281845092773 7
1736723645447 3.046821355819702 8
1736723649188 3.200676679611206 9
1736723653050 3.0840868949890137 10
1736723656858 3.122769832611084 11
1736723660632 3.3335635662078857 12
1736723664390 3.261507511138916 13
1736723668196 3.255096197128296 14
1736723671984 3.163118362426758 15
1736723675664 3.153986692428589 16
1736723679389 3.3006772994995117 17
1736723683166 3.2302093505859375 18
1736723686902 3.262824296951294 19
1736723690588 3.1293787956237793 20
1736723694344 3.0860354900360107 21
1736723698250 3.076077699661255 22
1736723702003 2.860884428024292 23
1736723705589 2.914754629135132 24
1736723709268 2.837465286254883 25
1736723712954 3.0142035484313965 26
1736723716566 3.0676450729370117 27
1736723720173 2.7691760063171387 28
1736723723814 2.581033945083618 29
1736723727423 2.4940266609191895 30
1736723730977 2.39475679397583 31
1736723736133 2.448979377746582 0
1736723739890 2.4359960556030273 1
1736723743628 2.4268548488616943 2
1736723747328 2.356973171234131 3
1736723751110 2.3125271797180176 4
1736723755010 2.0868184566497803 5
1736723758908 2.14068603515625 6
1736723762544 2.2404119968414307 7
1736723766316 2.50590181350708 8
1736723770051 2.4581055641174316 9
1736723773814 2.273017644882202 10
1736723777657 2.406179428100586 11
1736723781455 2.2431836128234863 12
1736723785189 2.1564252376556396 13
1736723789124 2.2188732624053955 14
1736723792835 2.1556034088134766 15
1736723796703 2.430497169494629 16
1736723800513 2.3191418647766113 17
1736723804266 2.1951115131378174 18
1736723807913 2.342912435531616 19
1736723811808 2.4749624729156494 20
1736723815583 2.623042345046997 21
1736723819416 2.7451348304748535 22
1736723823214 2.9385159015655518 23
1736723826904 2.9622528553009033 24
1736723830554 3.0594992637634277 25
1736723834187 2.9619901180267334 26
1736723837834 3.2078561782836914 27
1736723841579 3.2087512016296387 28
1736723845177 3.1628341674804688 29
1736723848853 3.241856098175049 30
1736723852436 3.418647527694702 31
