1736723493739 7.267579555511475 0
1736723497523 7.632618427276611 1
1736723501384 7.857285022735596 2
1736723505119 8.315681457519531 3
1736723508897 8.529199600219727 4
1736723512801 8.03715705871582 5
1736723516527 8.02481746673584 6
1736723520271 8.325045585632324 7
1736723524075 8.213156700134277 8
1736723527883 8.195820808410645 9
1736723531636 8.266122817993164 10
1736723535320 8.23717975616455 11
1736723538955 8.289262771606445 12
1736723542847 8.193231582641602 13
1736723546654 8.239384651184082 14
1736723550412 8.361374855041504 15
1736723554155 8.161057472229004 16
1736723557983 8.30930233001709 17
1736723561770 8.241278648376465 18
1736723565636 8.149031639099121 19
1736723569463 8.229167938232422 20
1736723573199 8.269268035888672 21
1736723576930 8.261175155639648 22
1736723580708 8.333333969116211 23
1736723584355 8.409453392028809 24
1736723587971 8.433493614196777 25
1736723591677 8.461545944213867 26
1736723595365 8.629794120788574 27
1736723598944 8.61377239227295 28
1736723602545 8.529647827148438 29
1736723606200 8.573617935180664 30
1736723610076 8.565706253051758 31
1736723615221 8.589640617370605 0
1736723619034 8.649839401245117 1
1736723622712 8.645830154418945 2
1736723626453 8.673876762390137 3
1736723630297 8.6298246383667 4
1736723634064 8.66186237335205 5
1736723637844 8.61779499053955 6
1736723641586 8.489629745483398 7
1736723645447 8.52161979675293 8
1736723649188 8.437498092651367 9
1736723653050 8.465563774108887 10
1736723656858 8.485573768615723 11
1736723660632 8.405447959899902 12
1736723664390 8.421416282653809 13
1736723668196 8.469547271728516 14
1736723671984 8.489577293395996 15
1736723675664 8.487202644348145 16
1736723679389 8.425481796264648 17
1736723683166 8.385435104370117 18
1736723686902 8.385417938232422 19
1736723690588 8.473565101623535 20
1736723694344 8.541659355163574 21
1736723698250 8.503891944885254 22
1736723702003 8.685900688171387 23
1736723705589 8.60558032989502 24
1736723709268 8.610003471374512 25
1736723712954 8.569708824157715 26
1736723716566 8.493244171142578 27
1736723720173 8.709936141967773 28
1736723723814 8.778044700622559 29
1736723727423 8.818122863769531 30
1736723730977 8.886404037475586 31
1736723736133 8.790070533752441 0
1736723739890 8.850147247314453 1
1736723743628 8.786022186279297 2
1736723747328 8.826122283935547 3
1736723751110 8.918268203735352 4
1736723755010 9.022433280944824 5
1736723758908 8.998396873474121 6
1736723762544 8.931556701660156 7
1736723766316 8.8501558303833 8
1736723770051 8.790063858032227 9
1736723773814 8.974359512329102 10
1736723777657 8.938394546508789 11
1736723781455 8.9663667678833 12
1736723785189 9.018430709838867 13
1736723789124 8.97836685180664 14
1736723792835 8.990384101867676 15
1736723796703 8.926281929016113 16
1736723800513 8.982515335083008 17
1736723804266 9.006410598754883 18
1736723807913 8.966347694396973 19
1736723811808 8.874198913574219 20
1736723815583 8.902244567871094 21
1736723819416 8.6939115524292 22
1736723823214 8.633831024169922 23
1736723826904 8.629819869995117 24
1736723830554 8.513620376586914 25
1736723834187 8.577740669250488 26
1736723837834 8.473554611206055 27
1736723841579 8.445470809936523 28
1736723845177 8.42147445678711 29
1736723848853 8.509611129760742 30
1736723852436 8.401440620422363 31
